{
 "cells": [
  {
   "cell_type": "code",
   "execution_count": 1,
   "id": "b17528ca",
   "metadata": {},
   "outputs": [],
   "source": [
    "import numpy as np"
   ]
  },
  {
   "cell_type": "code",
   "execution_count": 2,
   "id": "101dd2ae",
   "metadata": {
    "collapsed": true
   },
   "outputs": [
    {
     "data": {
      "text/plain": [
       "array([[ 4,  1, -2,  2],\n",
       "       [ 1,  2,  0,  1],\n",
       "       [-2,  0,  3, -2],\n",
       "       [ 2,  1, -2, -1]])"
      ]
     },
     "execution_count": 2,
     "metadata": {},
     "output_type": "execute_result"
    }
   ],
   "source": [
    "A = np.array([[4,1,-2,2],[1,2,0,1],[-2,0,3,-2],[2,1,-2,-1]])\n",
    "A"
   ]
  },
  {
   "cell_type": "code",
   "execution_count": 97,
   "id": "c413898f",
   "metadata": {},
   "outputs": [],
   "source": [
    "def Hh(A,t):\n",
    "    for i in range(0,t):\n",
    "        j=i\n",
    "        n = len(A)\n",
    "        traza = np.trace(A)\n",
    "        suma = 0\n",
    "        \n",
    "        # G y r\n",
    "        if (A[i+1,j]<0):\n",
    "            signo = -1\n",
    "        else:\n",
    "            signo = 1\n",
    "        for it in range(1,n):\n",
    "            suma += A[it,j]**2\n",
    "        G = signo*suma**(1/2)\n",
    "        r = ((1/2)*G**2+(1/2)*A[1,0]*G)**(1/2)\n",
    "        \n",
    "        # Vector w\n",
    "        w = np.zeros((n,n))\n",
    "        w[0,0]=0\n",
    "        if i < 1:\n",
    "            w[1,0]=(A[i+1,0]+G)/(2*r)\n",
    "        else: \n",
    "            w[i,0]=0\n",
    "        for it in range(2,n):\n",
    "                w[it,0]=A[it,0]/(2*r)\n",
    "        \n",
    "        # Transformacion Hh\n",
    "        I = np.identity((n))\n",
    "        P = I - 2*w@np.transpose(w)\n",
    "        \n",
    "        # Transformacion de semejanza\n",
    "        A=P@A@P\n",
    "        trazai = np.trace(A)\n",
    "        \n",
    "        print(f'traza: {traza}\\n G:{G} \\n r:{r}\\n w:{w}\\n P{i+1}:{P}\\n A{i+2}:{A}\\n traza: {trazai}')"
   ]
  },
  {
   "cell_type": "code",
   "execution_count": 98,
   "id": "b27f8ffd",
   "metadata": {},
   "outputs": [
    {
     "name": "stdout",
     "output_type": "stream",
     "text": [
      "traza: 8\n",
      " G:3.0 \n",
      " r:2.449489742783178\n",
      " w:[[ 0.          0.          0.          0.        ]\n",
      " [ 0.81649658  0.          0.          0.        ]\n",
      " [-0.40824829  0.          0.          0.        ]\n",
      " [ 0.40824829  0.          0.          0.        ]]\n",
      " P1:[[ 1.          0.          0.          0.        ]\n",
      " [ 0.         -0.33333333  0.66666667 -0.66666667]\n",
      " [ 0.          0.66666667  0.66666667  0.33333333]\n",
      " [ 0.         -0.66666667  0.33333333  0.66666667]]\n",
      " A2:[[ 4.00000000e+00 -3.00000000e+00  6.66133815e-16 -6.66133815e-16]\n",
      " [-3.00000000e+00  3.33333333e+00  1.00000000e+00  1.33333333e+00]\n",
      " [ 6.66133815e-16  1.00000000e+00  1.66666667e+00 -1.33333333e+00]\n",
      " [-6.66133815e-16  1.33333333e+00 -1.33333333e+00 -1.00000000e+00]]\n",
      " traza: 8.000000000000004\n",
      "traza: 8.000000000000004\n",
      " G:3.7267799624996516 \n",
      " r:1.1637330023226864\n",
      " w:[[ 0.00000000e+00  0.00000000e+00  0.00000000e+00  0.00000000e+00]\n",
      " [ 0.00000000e+00  0.00000000e+00  0.00000000e+00  0.00000000e+00]\n",
      " [ 2.86205604e-16  0.00000000e+00  0.00000000e+00  0.00000000e+00]\n",
      " [-2.86205604e-16  0.00000000e+00  0.00000000e+00  0.00000000e+00]]\n",
      " P2:[[1.00000000e+00 0.00000000e+00 0.00000000e+00 0.00000000e+00]\n",
      " [0.00000000e+00 1.00000000e+00 0.00000000e+00 0.00000000e+00]\n",
      " [0.00000000e+00 0.00000000e+00 1.00000000e+00 1.63827296e-31]\n",
      " [0.00000000e+00 0.00000000e+00 1.63827296e-31 1.00000000e+00]]\n",
      " A3:[[ 4.00000000e+00 -3.00000000e+00  6.66133815e-16 -6.66133815e-16]\n",
      " [-3.00000000e+00  3.33333333e+00  1.00000000e+00  1.33333333e+00]\n",
      " [ 6.66133815e-16  1.00000000e+00  1.66666667e+00 -1.33333333e+00]\n",
      " [-6.66133815e-16  1.33333333e+00 -1.33333333e+00 -1.00000000e+00]]\n",
      " traza: 8.000000000000004\n",
      "traza: 8.000000000000004\n",
      " G:-2.357022603955158 \n",
      " r:2.5126304311837258\n",
      " w:[[ 0.00000000e+00  0.00000000e+00  0.00000000e+00  0.00000000e+00]\n",
      " [ 0.00000000e+00  0.00000000e+00  0.00000000e+00  0.00000000e+00]\n",
      " [ 1.32557062e-16  0.00000000e+00  0.00000000e+00  0.00000000e+00]\n",
      " [-1.32557062e-16  0.00000000e+00  0.00000000e+00  0.00000000e+00]]\n",
      " P3:[[1.00000000e+00 0.00000000e+00 0.00000000e+00 0.00000000e+00]\n",
      " [0.00000000e+00 1.00000000e+00 0.00000000e+00 0.00000000e+00]\n",
      " [0.00000000e+00 0.00000000e+00 1.00000000e+00 3.51427493e-32]\n",
      " [0.00000000e+00 0.00000000e+00 3.51427493e-32 1.00000000e+00]]\n",
      " A4:[[ 4.00000000e+00 -3.00000000e+00  6.66133815e-16 -6.66133815e-16]\n",
      " [-3.00000000e+00  3.33333333e+00  1.00000000e+00  1.33333333e+00]\n",
      " [ 6.66133815e-16  1.00000000e+00  1.66666667e+00 -1.33333333e+00]\n",
      " [-6.66133815e-16  1.33333333e+00 -1.33333333e+00 -1.00000000e+00]]\n",
      " traza: 8.000000000000004\n"
     ]
    }
   ],
   "source": [
    "Hh(A,3)"
   ]
  },
  {
   "cell_type": "code",
   "execution_count": 94,
   "id": "d870f90d",
   "metadata": {},
   "outputs": [
    {
     "data": {
      "text/plain": [
       "array([[-2,  3,  1, -1],\n",
       "       [ 3,  4,  2,  5],\n",
       "       [ 1,  2,  1,  3],\n",
       "       [-1,  5,  3, -4]])"
      ]
     },
     "execution_count": 94,
     "metadata": {},
     "output_type": "execute_result"
    }
   ],
   "source": [
    "A_tarea = np.array([[-2,3,1,-1],[3,4,2,5],[1,2,1,3],[-1,5,3,-4]])\n",
    "A_tarea"
   ]
  },
  {
   "cell_type": "code",
   "execution_count": 101,
   "id": "36fa95d6",
   "metadata": {},
   "outputs": [
    {
     "name": "stdout",
     "output_type": "stream",
     "text": [
      "traza: -1\n",
      " G:3.3166247903554 \n",
      " r:3.2365007624799196\n",
      " w:[[ 0.          0.          0.          0.        ]\n",
      " [ 0.9758417   0.          0.          0.        ]\n",
      " [ 0.15448784  0.          0.          0.        ]\n",
      " [-0.15448784  0.          0.          0.        ]]\n",
      " P1:[[ 1.          0.          0.          0.        ]\n",
      " [ 0.         -0.90453403 -0.30151134  0.30151134]\n",
      " [ 0.         -0.30151134  0.95226702  0.04773298]\n",
      " [ 0.          0.30151134  0.04773298  0.95226702]]\n",
      " A2:[[-2.00000000e+00 -3.31662479e+00  5.55111512e-17  0.00000000e+00]\n",
      " [-3.31662479e+00  8.18181818e-01 -6.46920207e-01 -7.19237475e+00]\n",
      " [ 5.55111512e-17 -6.46920207e-01  2.41664763e-01  1.40909091e+00]\n",
      " [ 0.00000000e+00 -7.19237475e+00  1.40909091e+00 -5.98465814e-02]]\n",
      " traza: -1.000000000000001\n",
      "traza: -1.000000000000001\n",
      " G:-7.267611837335686 \n",
      " r:6.20169829178144\n",
      " w:[[0.00000000e+00 0.00000000e+00 0.00000000e+00 0.00000000e+00]\n",
      " [0.00000000e+00 0.00000000e+00 0.00000000e+00 0.00000000e+00]\n",
      " [4.47547983e-18 0.00000000e+00 0.00000000e+00 0.00000000e+00]\n",
      " [0.00000000e+00 0.00000000e+00 0.00000000e+00 0.00000000e+00]]\n",
      " P2:[[1. 0. 0. 0.]\n",
      " [0. 1. 0. 0.]\n",
      " [0. 0. 1. 0.]\n",
      " [0. 0. 0. 1.]]\n",
      " A3:[[-2.00000000e+00 -3.31662479e+00  5.55111512e-17  0.00000000e+00]\n",
      " [-3.31662479e+00  8.18181818e-01 -6.46920207e-01 -7.19237475e+00]\n",
      " [ 5.55111512e-17 -6.46920207e-01  2.41664763e-01  1.40909091e+00]\n",
      " [ 0.00000000e+00 -7.19237475e+00  1.40909091e+00 -5.98465814e-02]]\n",
      " traza: -1.000000000000001\n"
     ]
    }
   ],
   "source": [
    "Hh(A_tarea,2)"
   ]
  },
  {
   "cell_type": "code",
   "execution_count": null,
   "id": "5f59f953",
   "metadata": {},
   "outputs": [],
   "source": []
  }
 ],
 "metadata": {
  "kernelspec": {
   "display_name": "Python 3 (ipykernel)",
   "language": "python",
   "name": "python3"
  },
  "language_info": {
   "codemirror_mode": {
    "name": "ipython",
    "version": 3
   },
   "file_extension": ".py",
   "mimetype": "text/x-python",
   "name": "python",
   "nbconvert_exporter": "python",
   "pygments_lexer": "ipython3",
   "version": "3.8.10"
  }
 },
 "nbformat": 4,
 "nbformat_minor": 5
}
